# ID,	Name,		JName,			LV,	HP,	SP,	EXP,	JEXP,	Range1,	ATK1,	ATK2,	DEF,	MDEF,	STR,	AGI,	VIT,	INT,	DEX,	LUK,	Range2,	Range3,	Scale,	Race,	Element,	Mode,	Speed,	ADelay,	AMotion,	DMotion,	Drop1id,	Drop1per,	Drop2id,	Drop2per,	Drop3id,	Drop3per,	Drop4id,	Drop4per,	Drop5id,	Drop5per,	Drop6id,	Drop6per,	Drop7id,	Drop7per,	Drop8id,	Drop8per,	Item1,	Item2,	MEXP,	ExpPer,	MVP1id,	MVP1per,	MVP2id,	MVP2per,	MVP3id,	MVP3per
1002,	Maggot,		Maggot,			5,	50,	0,	5,	2,	1,	5,	10,	0,	5,	1,	1,	1,	0,	6,	30,	1,	1,	1,	3,	21,		129,	800,	1872,	672,		480,		505,		800,		501,		150,		518,		400,		533,		150,		502,		70,		522,		1,		0,		0,		0,		0,		0,	0,	0,	0,	,	,		,	,		,
1003,	Scorpion,	Scorpion,		10,	100,	0,	15,	4,	1,	10,	15,	0,	5,	1,	1,	1,	0,	15,	30,	1,	1,	1,	3,	21,		129,	2000,	1872,	672,		480,		507,		700,		510,		100,		509,		50,		518,		700,		0,		0,		0,		0,		0,		0,		0,		0,		0,	0,	0,	0,	,	,		,	,		,
1004,	RedScorpion,	Red Scorpion,		90,	550,	0,	180,	145,	1,	50,	55,	4,	6,	10,	10,	10,	10,	30,	10,	1,	1,	1,	0,	20,		129,	1000,	1872,	672,		480,		517,		2000,		509,		100,		518,		500,		1200,		10,		1199,		760,		1201,		540,		524,		5,		0,		0,		0,	0,	0,	0,	,	,		,	,		,
1005,	GreenSlime,	Green Slime,		40,	300,	0,	60,	8,	1,	25,	30,	2,	7,	1,	30,	1,	0,	30,	30,	1,	1,	1,	0,	20,		131,	1500,	1872,	672,		480,		502,		200,		513,		100,		501,		100,		521,		100,		522,		190,		526,		10,		503,		500,		535,		750,		0,	0,	0,	0,	,	,		,	,		,
1006,	GiantMaggot,	Giant Maggot,		80,	500,	0,	160,	16,	2,	45,	50,	2,	7,	10,	8,	2,	1,	22,	1,	2,	2,	1,	0,	20,		129,	2000,	1872,	672,		480,		1199,		900,		519,		100,		518,		750,		501,		5000,		502,		3000,		503,		11,		526,		10,		0,		0,		0,	0,	0,	0,	,	,		,	,		,
1007,	YellowSlime,	Yellow Slime,		60,	400,	0,	120,	2,	1,	35,	40,	2,	7,	10,	8,	2,	1,	34,	1,	1,	1,	1,	0,	20,		131,	1400,	1800,	672,		480,		534,		200,		519,		100,		501,		350,		502,		250,		522,		10,		640,		75,		0,		0,		0,		0,		0,	0,	0,	0,	,	,		,	,		,
1008,	RedSlime,	Red Slime,		70,	450,	0,	140,	56,	1,	40,	45,	2,	7,	15,	10,	2,	1,	25,	1,	1,	1,	1,	0,	20,		135,	1300,	1500,	672,		480,		1201,		300,		509,		110,		521,		200,		523,		40,		525,		80,		535,		750,		528,		250,		531,		150,		0,	0,	0,	0,	,	,		,	,		,
1009,	BlackScorpion,	Black Scorpion,		100,	600,	0,	250,	70,	1,	60,	65,	4,	6,	20,	20,	10,	10,	35,	10,	1,	1,	1,	0,	20,		133,	1000,	1500,	672,		480,		523,		150,		509,		100,		518,		800,		0,		0,		0,		0,		0,		0,		0,		0,		0,		0,		0,	0,	0,	0,	,	,		,	,		,
1010,	Snake,		Snake,			150,	850,	0,	375,	100,	1,	85,	90,	4,	6,	20,	20,	10,	10,	35,	10,	1,	1,	1,	0,	20,		133,	1000,	1500,	672,		480,		524,		300,		638,		5,		0,		0,		0,		0,		0,		0,		0,		0,		0,		0,		0,		0,		0,	0,	0,	0,	,	,		,	,		,
1011,	FireGoblin,	Fire Goblin,		20,	200,	0,	30,	2,	1,	15,	20,	0,	5,	1,	1,	1,	0,	6,	30,	1,	1,	1,	3,	21,		129,	800,	1872,	672,		480,		505,		800,		501,		150,		518,		800,		502,		150,		521,		70,		522,		1,		0,		0,		0,		0,		0,	0,	0,	0,	,	,		,	,		,
1012,	Spider,		Spider,			140,	800,	0,	350,	280,	1,	80,	85,	4,	6,	20,	20,	10,	10,	35,	10,	1,	1,	1,	0,	25,		175,	1000,	1500,	672,		480,		537,		500,		535,		100,		0,		0,		0,		0,		0,		0,		0,		0,		0,		0,		0,		0,		0,	0,	0,	0,	,	,		,	,		,
1013,	EvilMushroom,	Evil Mushroom,		110,	650,	0,	275,	110,	1,	65,	70,	4,	6,	20,	20,	10,	10,	35,	10,	1,	1,	1,	3,	25,		137,	800,	1800,	672,		480,		535,		500,		540,		5,		534,		100,		566,		500,		0,		0,		0,		0,		0,		0,		0,		0,		0,	0,	0,	0,	,	,		,	,		,
1014,	SleepFlower,	Sleep Flower,		120,	700,	0,	300,	110,	1,	70,	75,	0,	5,	20,	20,	20,	20,	20,	20,	1,	1,	1,	3,	25,		128,	800,	800,	672,		480,		535,		100,		540,		5,		1199,		100,		526,		400,		565,		500,		0,		0,		0,		0,		0,		0,		0,	0,	0,	0,	,	,		,	,		,
1015,	SantaSlime,	Santa Slime,		130,	750,	0,	325,	0,	1,	75,	80,	2,	7,	1,	30,	1,	0,	30,	30,	1,	1,	1,	0,	20,		161,	1500,	1872,	672,		480,		512,		800,		513,		700,		514,		600,		519,		500,		527,		400,		538,		500,		0,		0,		0,		0,		0,	0,	0,	0,	,	,		,	,		,
1016,	RudolphSlime,	Rudolph Slime,		50,	350,	0,	100,	16,	1,	30,	35,	2,	7,	1,	30,	1,	0,	30,	30,	1,	1,	1,	0,	20,		131,	1000,	1872,	672,		480,		504,		800,		506,		500,		508,		200,		509,		300,		510,		600,		515,		800,		516,		500,		0,		0,		0,	0,	0,	0,	,	,		,	,		,
1017,	Bat,		Bat,			20,	150,	0,	45,	2,	1,	7,	10,	0,	5,	1,	1,	1,	0,	20,	25,	1,	1,	1,	3,	21,		129,	800,	1872,	672,		480,		505,		800,		501,		150,		518,		400,		533,		150,		521,		70,		522,		1,		0,		0,		0,		0,		0,	0,	0,	0,	,	,		,	,		,
1018,	Violet,		Violet,			30,	500,	0,	55,	3,	1,	7,	10,	0,	5,	1,	1,	1,	0,	20,	25,	1,	1,	1,	3,	21,		129,	800,	1872,	672,		480,		614,		800,		0,		150,		0,		400,		0,		150,		0,		70,		0,		1,		0,		0,		0,		0,		0,	0,	0,	0,	,	,		,	,		,
1019,	Shroom,		Shroom,			30,	300,	0,	60,	4,	1,	10,	13,	0,	5,	1,	1,	1,	0,	10,	10,	1,	1,	1,	3,	21,		129,	800,	1872,	672,		480,		567,		800,		501,		150,		518,		50,		613,		150,		0,		70,		0,		1,		0,		0,		0,		0,		0,	0,	0,	0,	,	,		,	,		,
1020,	Fluffy,		Fluffy,			30,	500,	0,	50,	3,	1,	10,	12,	0,	5,	1,	1,	1,	0,	20,	25,	1,	1,	1,	3,	21,		129,	800,	1872,	672,		480,		611,		800,		527,		150,		535,		400,		0,		150,		0,		70,		0,		1,		0,		0,		0,		0,		0,	0,	0,	0,	,	,		,	,		,
1021,	LampSnake,	Lamp Snake,		30,	1000,	0,	90,	5,	1,	20,	15,	1,	5,	10,	1,	1,	0,	10,	10,	1,	1,	1,	3,	21,		129,	800,	1872,	672,		480,		612,		800,		610,		10,		0,		400,		0,		150,		0,		70,		0,		1,		0,		0,		0,		0,		0,	0,	0,	0,	,	,		,	,		,
1022,	JackO,		JackO,			50,	6000,	0,	5000,	5000,	1,	40,	100,	20,	6,	20,	10,	10,	10,	30,	10,	1,	1,	1,	0,	20,		133,	250,	1500,	672,		480,		617,		5000,		622,		5000,		624,		5000,		620,		5000,		615,		5000,		1203,		5000,		524,		5000,		616,		5000,		0,	0,	0,	0,	,	,		,	,		,
1023,	FireSkull,	Fire Skull,		30,	500,	0,	55,	2,	1,	10,	12,	0,	5,	1,	1,	1,	0,	15,	10,	1,	1,	1,	3,	21,		129,	800,	1872,	672,		480,		631,		1000,		0,		0,		0,		0,		0,		0,		0,		0,		0,		0,		0,		0,		0,		0,		0,	0,	0,	0,	,	,		,	,		,
1024,	PoisonSkull,	Poison skull,		30,	1000,	0,	75,	5,	1,	20,	20,	0,	5,	1,	1,	1,	0,	15,	10,	1,	1,	1,	3,	21,		129,	800,	1872,	672,		480,		631,		1000,		0,		0		0,		0,		0,		0,		0,		0,		0,		0,		0,		0,		0,		0,		0,	0,	0,	0,	,	,		,	,		,
1025,	Stumpy,		Stumpy,			30,	500,	0,	65,	30,	1,	7,	10,	50,	5,	1,	1,	1,	0,	20,	25,	1,	1,	1,	3,	21,		129,	800,	1872,	672,		480,		569,		2000,		0,		150,		0,		400,		0,		150,		0,		70,		0,		1,		0,		0,		0,		0,		0,	0,	0,	0,	,	,		,	,		,
1026,	MountainSnake,	Mountain Snake,		160,	900,	0,	400,	100,	1,	90,	95,	4,	6,	20,	20,	10,	10,	35,	10,	1,	1,	1,	0,	20,		133,	1000,	1500,	672,		480,		532,		10,		641,		75,		0,		0,		0,		0,		0,		0,		0,		0,		0,		0,		0,		0,		0,	0,	0,	0,	,	,		,	,		,
1027,	EasterFluffy,	EasterFluffy,		30,	500,	0,	50,	3,	1,	10,	12,	0,	5,	1,	1,	1,	0,	20,	25,	1,	1,	1,	3,	21,		129,	800,	1872,	672,		480,		1208,		2000,		1209,		2000,		1210,		2000,		1211,		1000,		1212,		1000,		1213,		200,		0,		0,		0,		0,		0,	0,	0,	0,	,	,		,	,		,