// Job-specific Values Database
//
// Structure of Database:
// JobID,Weight,HPFactor,HPMultiplicator,SPFactor,Unarmed,Dagger,1HSword,2HSword,1HSpear,2HSpear,1HAxe,2HAxe,1HMace,2HMace(unused),Rod,Bow,Knuckle,Instrument,Whip,Book,Katar,Revolver,Rifle,Gatling Gun,Shotgun,Grenade Launcher,Fuuma Shuriken,2HStaff,Shield
//
// TMW
0,	20000,0    ,500  ,100  ,440  ,590  ,610  ,2000 ,2000 ,2000 ,540  ,2000 ,540  ,540  ,690  ,2000 ,2000 ,2000 ,2000 ,2000 ,2000 ,2000 ,2000 ,2000 ,2000 ,2000 ,2000 ,690  ,540
1,	20000,0    ,500  ,100  ,440  ,590  ,610  ,2000 ,2000 ,2000 ,540  ,2000 ,540  ,540  ,690  ,2000 ,2000 ,2000 ,2000 ,2000 ,2000 ,2000 ,2000 ,2000 ,2000 ,2000 ,2000 ,690  ,540
2,	20000,0    ,500  ,100  ,440  ,590  ,610  ,2000 ,2000 ,2000 ,540  ,2000 ,540  ,540  ,690  ,2000 ,2000 ,2000 ,2000 ,2000 ,2000 ,2000 ,2000 ,2000 ,2000 ,2000 ,2000 ,690  ,540
3,	20000,0    ,500  ,100  ,440  ,590  ,610  ,2000 ,2000 ,2000 ,540  ,2000 ,540  ,540  ,690  ,2000 ,2000 ,2000 ,2000 ,2000 ,2000 ,2000 ,2000 ,2000 ,2000 ,2000 ,2000 ,690  ,540
4,	20000,0    ,500  ,100  ,440  ,590  ,610  ,2000 ,2000 ,2000 ,540  ,2000 ,540  ,540  ,690  ,2000 ,2000 ,2000 ,2000 ,2000 ,2000 ,2000 ,2000 ,2000 ,2000 ,2000 ,2000 ,690  ,540
5,	20000,0    ,500  ,100  ,440  ,590  ,610  ,2000 ,2000 ,2000 ,540  ,2000 ,540  ,540  ,690  ,2000 ,2000 ,2000 ,2000 ,2000 ,2000 ,2000 ,2000 ,2000 ,2000 ,2000 ,2000 ,690  ,540
6,	20000,0    ,500  ,100  ,440  ,590  ,610  ,2000 ,2000 ,2000 ,540  ,2000 ,540  ,540  ,690  ,2000 ,2000 ,2000 ,2000 ,2000 ,2000 ,2000 ,2000 ,2000 ,2000 ,2000 ,2000 ,690  ,540
