//ID, Name,           Jname,           Jname,           LV,   HP,   SP,   EXP,  JEXP, Range1, ATK1, ATK2, DEF,  MDEF, STR,  AGI,  VIT,  INT,  DEX,  LUK,  Range2, Range3, Scale, Race, Element, Mode,    Speed, Adelay,  Amotion,  Dmotion, Item1, MEXP,   ExpPer,  MVP1id, MVP1per, MVP2id, MVP2per, Drop1id, Drop1per, Drop2id, Drop2%,   Drop3id, Drop3%,   Drop4id, Drop4%,   Drop5id, Drop5%,   Drop6id, Drop6%,   Drop7id, Drop7%,   Drop8id, Drop8%,   0,       0,        0,       0        
1007, YellowSlime,    YellowSlime,     YellowSlime,     60,   400,  0,    66,   9,    1,      35,   40,   2,    7,    9,    6,    2,    1,    34,   1,    1,      1,      1,     0,    21,      131,     1400,  1800,    672,      480,     0,    0,      0,       0,      0,       0,      0,       534,     200,      519,     100,      501,     350,      502,     250,      522,     10,       640,     450,      4006,    20,       4001,    450,      0,       0,        0,       0        
1008, RedSlime,       RedSlime,        RedSlime,        70,   450,  0,    79,   17,   1,      40,   45,   2,    7,    12,   8,    2,    1,    25,   1,    1,      1,      1,     0,    21,      135,     1300,  1500,    672,      480,     0,    0,      0,       0,      0,       0,      0,       1201,    300,      509,     110,      521,     200,      4003,    20,       525,     80,       535,     750,      528,     250,      531,     150,      0,       0,        0,       0        
1033, SeaSlime,       SeaSlime,        SeaSlime,        70,   600,  0,    116,  13,   1,      30,   50,   3,    7,    1,    25,   1,    0,    30,   30,   1,      1,      1,     0,    41,      131,     1500,  1872,    672,      480,     0,    0,      0,       0,      0,       0,      0,       535,     800,      657,     800,      518,     500,      510,     1000,     700,     100,      1199,    5000,     568,     100,      541,     50,       0,       0,        0,       0        
1040, Wisp,           Wisp,            Wisp,            70,   9300, 0,    1514, 1210, 2,      215,  350,  0,    20,   45,   12,   13,   15,   0,    45,   1,      1,      1,     0,    27,      137,     380,   2000,    672,      1500,    0,    0,      0,       0,      0,       0,      0,       772,     1000,     703,     150,      703,     120,      0,       0,        0,       0,        0,       0,        0,       0,        0,       0,        0,       0,        0,       0        
1054, Troll,          Troll,           Troll,           65,   2000, 0,    503,  129,  1,      70,   100,  20,   10,   50,   40,   10,   10,   30,   30,   1,      1,      1,     0,    20,      137,     600,   1500,    672,      480,     0,    0,      0,       0,      0,       0,      0,       1199,    2000,     529,     500,      539,     300,      526,     250,      512,     200,      906,     10,       0,       0,        0,       0,        0,       0,        0,       0        
1061, Moggun,         Moggun,          Moggun,          60,   800,  0,    174,  52,   1,      70,   90,   20,   10,   50,   40,   10,   10,   10,   10,   1,      1,      1,     0,    25,      137,     600,   1500,    672,      480,     0,    0,      0,       0,      0,       0,      0,       611,     600,      4001,    1000,     4002,    20,       0,       0,        0,       0,        0,       0,        0,       0,        0,       0,        0,       0,        0,       0        
1101, DemonicSpirit,  DemonicSpirit,   DemonicSpirit,   72,   1505, 0,    478,  270,  1,      125,  175,  4,    6,    20,   40,   10,   10,   110,  45,   1,      1,      1,     0,    89,      133,     230,   900,     672,      480,     0,    0,      0,       0,      0,       0,      0,       631,     1000,     0,       0,        0,       0,        0,       0,        0,       0,        0,       0,        0,       0,        0,       0,        0,       0,        0,       0        
1110, AngryGreenSlime, AngryGreenSlime, AngryGreenSlime, 60,   1000, 0,    249,  135,  1,      100,  160,  20,   30,   20,   30,   10,   10,   30,   30,   1,      1,      1,     0,    21,      175,     1200,  1872,    672,      480,     0,    0,      0,       0,      0,       0,      0,       502,     200,      4004,    20,       501,     100,      521,     250,      522,     200,      526,     500,      503,     500,      535,     750,      0,       0,        0,       0        
1117, UndeadTroll,    UndeadTroll,     UndeadTroll,     75,   3100, 0,    910,  179,  2,      60,   140,  20,   10,   50,   40,   20,   10,   40,   49,   1,      1,      1,     0,    20,      133,     650,   1500,    672,      480,     0,    0,      0,       0,      0,       0,      0,       1199,    2000,     631,     1000,     529,     500,      539,     300,      526,     250,      4023,    200,      906,     20,       0,       0,        0,       0,        0,       0        
//ID, Name,           Jname,           Jname,           LV,   HP,   SP,   EXP,  JEXP, Range1, ATK1, ATK2, DEF,  MDEF, STR,  AGI,  VIT,  INT,  DEX,  LUK,  Range2, Range3, Scale, Race, Element, Mode,    Speed, Adelay,  Amotion,  Dmotion, Item1, MEXP,   ExpPer,  MVP1id, MVP1per, MVP2id, MVP2per, Drop1id, Drop1per, Drop2id, Drop2%,   Drop3id, Drop3%,   Drop4id, Drop4%,   Drop5id, Drop5%,   Drop6id, Drop6%,   Drop7id, Drop7%,   Drop8id, Drop8%,   0,       0,        0,       0        
1011, FireGoblin,     FireGoblin,      FireGoblin,      20,   220,  0,    33,   4,    1,      15,   20,   0,    5,    1,    1,    1,    0,    6,    30,   1,      1,      1,     3,    23,      129,     800,   1872,    672,      480,     0,    0,      0,       0,      0,       0,      0,       505,     800,      501,     150,      518,     800,      502,     150,      521,     70,       522,     10,       701,     500,      0,       0,        0,       0,        0,       0        
1017, Bat,            Bat,             Bat,             20,   150,  0,    22,   3,    1,      5,    25,   0,    5,    1,    1,    1,    0,    20,   25,   1,      1,      1,     3,    24,      129,     800,   1872,    672,      480,     0,    0,      0,       0,      0,       0,      0,       505,     800,      501,     150,      518,     400,      533,     150,      521,     70,       522,     1,        753,     3000,     754,     2000,     0,       0,        0,       0        
1131, ManaBug,        ManaBug,         ManaBug,         25,   300,  0,    42,   5,    2,      8,    15,   4,    6,    1,    4,    1,    4,    5,    4,    2,      1,      1,     3,    24,      137,     800,   1800,    672,      480,     0,    0,      0,       0,      0,       0,      0,       505,     1000,     518,     800,      533,     400,      0,       0,        0,       0,        0,       0,        0,       0,        0,       0,        0,       0,        0,       0        
1018, Pinkie,         Pinkie,          Pinkie,          30,   300,  0,    46,   7,    2,      7,    15,   0,    5,    1,    1,    1,    0,    20,   25,   2,      2,      1,     3,    20,      129,     800,   1872,    672,      480,     0,    0,      0,       0,      0,       0,      0,       614,     1000,     751,     40,       0,       0,        0,       0,        0,       0,        0,       0,        0,       0,        0,       0,        0,       0,        0,       0        
1019, SpikyMushroom,  SpikyMushroom,   SpikyMushroom,   30,   300,  0,    43,   5,    1,      10,   13,   0,    5,    1,    1,    1,    0,    10,   10,   1,      1,      1,     3,    20,      129,     800,   1872,    672,      480,     0,    0,      0,       0,      0,       0,      0,       567,     800,      501,     150,      518,     50,       613,     400,      0,       0,        0,       0,        0,       0,        0,       0,        0,       0,        0,       0        
1020, Fluffy,         Fluffy,          Fluffy,          30,   500,  0,    76,   7,    1,      6,    10,   1,    5,    1,    2,    1,    0,    20,   25,   1,      1,      1,     3,    20,      129,     800,   1600,    672,      480,     0,    0,      0,       0,      0,       0,      0,       611,     800,      527,     150,      535,     400,      752,     20,       0,       0,        0,       0,        0,       0,        0,       0,        0,       0,        0,       0        
1021, CaveSnake,      CaveSnake,       CaveSnake,       30,   800,  0,    123,  13,   1,      20,   15,   1,    5,    10,   1,    1,    0,    5,    20,   1,      1,      1,     3,    20,      129,     800,   1872,    672,      480,     0,    0,      0,       0,      0,       0,      0,       612,     1000,     610,     40,       713,     500,      717,     400,      717,     400,      641,     20,       0,       0,        0,       0,        0,       0,        0,       0        
1025, LogHead,        LogHead,         LogHead,         30,   500,  0,    116,  5,    1,      7,    20,   50,   5,    1,    1,    1,    0,    20,   25,   1,      1,      1,     3,    22,      129,     800,   1872,    672,      480,     0,    0,      0,       0,      0,       0,      0,       569,     2000,     740,     2500,     743,     3000,     569,     2000,     0,       0,        0,       0,        0,       0,        0,       0,        0,       0,        0,       0        
1027, EasterFluffy,   EasterFluffy,    EasterFluffy,    30,   500,  0,    77,   7,    1,      10,   12,   0,    5,    1,    1,    1,    0,    20,   25,   1,      1,      1,     3,    20,      129,     800,   1872,    672,      480,     0,    0,      0,       0,      0,       0,      0,       1208,    2000,     1209,    2000,     1210,    2000,     1211,    1000,     1212,    1000,     1213,    200,      0,       0,        0,       0,        0,       0,        0,       0        
1035, Silkworm,       Silkworm,        Silkworm,        20,   1,    0,    1,    1,    1,      0,    0,    2,    10,   20,   11,   10,   10,   40,   10,   1,      1,      1,     0,    20,      129,     1300,  1100,    672,      480,     0,    0,      0,       0,      0,       0,      0,       718,     5000,     0,       0,        0,       0,        0,       0,        0,       0,        0,       0,        0,       0,        0,       0,        0,       0,        0,       0        
1041, Snail,          Snail,           Snail,           30,   900,  0,    114,  18,   1,      60,   65,   20,   15,   10,   1,    25,   0,    20,   10,   1,      1,      1,     0,    20,      129,     1800,  2500,    672,      480,     0,    0,      0,       0,      0,       0,      0,       719,     500,      806,     400,      1250,    1000,     1251,    1500,     1248,    500,      1252,    2000,     0,       0,        0,       0,        0,       0,        0,       0        
1049, Bee,            Bee,             Bee,             30,   600,  0,    124,  32,   1,      5,    90,   12,   4,    15,   25,   20,   3,    40,   30,   1,      1,      1,     0,    25,      137,     380,   1500,    300,      350,     0,    0,      0,       0,      0,       0,      0,       0,       0,        0,       0,        0,       0,        0,       0,        0,       0,        0,       0,        0,       0,        0,       0,        0,       0,        0,       0        
1055, Butterfly,      Butterfly,       Butterfly,       25,   250,  0,    56,   11,   2,      10,   50,   3,    5,    10,   45,   10,   15,   35,   40,   1,      1,      1,     3,    44,      129,     350,   780,     300,      800,     0,    0,      0,       0,      0,       0,      0,       718,     1000,     0,       0,        0,       0,        0,       0,        0,       0,        0,       0,        0,       0,        0,       0,        0,       0,        0,       0        
1057, AngryScorpion,  AngryScorpion,   AngryScorpion,   20,   200,  0,    27,   5,    1,      15,   15,   0,    5,    5,    5,    1,    0,    15,   5,    1,      1,      1,     3,    20,      133,     1000,  1872,    672,      480,     0,    0,      0,       0,      0,       0,      0,       4000,    700,      510,     100,      509,     50,       518,     700,      0,       0,        0,       0,        0,       0,        0,       0,        0,       0,        0,       0        
1058, IceGoblin,      IceGoblin,       IceGoblin,       25,   330,  0,    52,   10,   1,      20,   25,   0,    5,    5,    5,    1,    0,    6,    30,   1,      1,      1,     3,    21,      133,     700,   1872,    672,      480,     0,    0,      0,       0,      0,       0,      0,       505,     800,      501,     150,      518,     800,      502,     150,      521,     70,       522,     10,       4026,    500,      0,       0,        0,       0,        0,       0        
1060, Archant,        Archant,         Archant,         30,   400,  0,    61,   14,   1,      20,   30,   4,    6,    10,   5,    1,    0,    12,   10,   1,      1,      1,     0,    25,      133,     1000,  1500,    672,      480,     0,    0,      0,       0,      0,       0,      0,       537,     300,      535,     100,      640,     40,       4001,    20,       0,       0,        0,       0,        0,       0,        0,       0,        0,       0,        0,       0        
1064, Bandit,         Bandit,          Bandit,          20,   400,  0,    65,   21,   1,      40,   40,   5,    0,    10,   10,   10,   10,   10,   10,   1,      1,      1,     0,    29,      135,     500,   1500,    672,      900,     0,    0,      0,       0,      0,       0,      0,       4016,    800,      521,     200,      526,     500,      535,     200,      0,       0,        0,       0,        0,       0,        0,       0,        0,       0,        0,       0        
1083, HuntsmanSpider, HuntsmanSpider,  HuntsmanSpider,  30,   1500, 0,    302,  363,  1,      125,  150,  10,   45,   20,   15,   10,   10,   45,   10,   1,      1,      1,     0,    45,      175,     575,   1250,    672,      480,     0,    0,      0,       0,      0,       0,      0,       638,     100,      526,     500,      640,     300,      518,     1000,     719,     500,      4001,    150,      0,       0,        0,       0,        0,       0,        0,       0        
1084, CrotcherScorpion, CrotcherScorpion, CrotcherScorpion, 25,   1200, 0,    264,  86,   1,      75,   175,  15,   45,   15,   30,   10,   10,   25,   25,   1,      1,      1,     0,    45,      133,     750,   1350,    672,      480,     0,    0,      0,       0,      0,       0,      0,       523,     300,      518,     1000,     509,     300,      512,     300,      535,     500,      0,       0,        0,       0,        0,       0,        0,       0,        0,       0        
1087, Larvern,        Larvern,         Larvern,         20,   550,  0,    122,  26,   1,      50,   200,  30,   65,   35,   20,   50,   0,    70,   20,   1,      1,      1,     0,    25,      139,     1500,  1500,    672,      480,     0,    0,      0,       0,      0,       0,      0,       836,     2000,     518,     1000,     807,     300,      806,     300,      0,       0,        0,       0,        0,       0,        0,       0,        0,       0,        0,       0        
1089, HungryFluffy,   HungryFluffy,    HungryFluffy,    30,   500,  0,    76,   10,   1,      6,    10,   1,    5,    1,    2,    1,    0,    20,   25,   1,      1,      1,     3,    20,      133,     800,   1600,    672,      480,     0,    0,      0,       0,      0,       0,      0,       611,     500,      527,     150,      752,     20,       0,       0,        0,       0,        0,       0,        0,       0,        0,       0,        0,       0,        0,       0        
1093, WhiteSlime,     WhiteSlime,      WhiteSlime,      20,   200,  0,    40,   15,   1,      80,   120,  10,   10,   20,   30,   10,   10,   30,   20,   1,      1,      1,     0,    61,      137,     500,   1872,    672,      480,     0,    0,      0,       0,      0,       0,      0,       4026,    200,      4002,    20,       541,     500,      863,     100,      864,     200,      0,       0,        0,       0,        0,       0,        0,       0,        0,       0        
1094, Reinboo,        Reinboo,         Reinboo,         35,   1100, 0,    214,  29,   2,      40,   75,   35,   5,    15,   5,    15,   0,    40,   10,   2,      2,      1,     3,    20,      129,     600,   1872,    672,      480,     0,    0,      0,       0,      0,       0,      0,       512,     1000,     736,     1200,     737,     1200,     738,     1200,     739,     1200,     869,     50,       4042,    10,       0,       0,        0,       0,        0,       0        
1099, SleepingBandit, SleepingBandit,  SleepingBandit,  20,   25,   0,    3,    1,    1,      0,    0,    0,    0,    10,   10,   10,   10,   10,   10,   1,      1,      1,     0,    29,      0,       500,   1500,    672,      900,     0,    0,      0,       0,      0,       0,      0,       4016,    800,      521,     200,      526,     500,      535,     200,      0,       0,        0,       0,        0,       0,        0,       0,        0,       0,        0,       0        
1100, AzulSlime,      AzulSlime,       AzulSlime,       20,   200,  0,    40,   10,   1,      80,   120,  10,   10,   20,   30,   10,   10,   30,   20,   1,      1,      1,     0,    61,      131,     500,   1872,    672,      480,     0,    0,      0,       0,      0,       0,      0,       0,       0,        0,       0,        0,       0,        0,       0,        0,       0,        0,       0,        0,       0,        0,       0,        0,       0,        0,       0        
1107, Bluepar,        Bluepar,         Bluepar,         30,   350,  0,    54,   8,    2,      7,    15,   0,    5,    1,    1,    1,    0,    20,   25,   2,      2,      1,     3,    20,      133,     800,   1872,    672,      480,     0,    0,      0,       0,      0,       0,      0,       567,     800,      568,     800,      4002,    50,       0,       0,        0,       0,        0,       0,        0,       0,        0,       0,        0,       0,        0,       0        
1108, AngryFireGoblin, AngryFireGoblin, AngryFireGoblin, 30,   320,  0,    55,   12,   1,      25,   40,   0,    10,   3,    3,    3,    2,    10,   50,   1,      1,      1,     3,    23,      133,     800,   1872,    672,      480,     0,    0,      0,       0,      0,       0,      0,       505,     800,      501,     150,      518,     800,      502,     150,      521,     70,       522,     10,       701,     500,      0,       0,        0,       0,        0,       0        
1113, Pollett,        Pollett,         Pollett,         30,   500,  0,    76,   7,    1,      6,    10,   1,    5,    1,    2,    1,    0,    20,   25,   1,      1,      1,     3,    20,      129,     800,   1600,    672,      480,     0,    0,      0,       0,      0,       0,      0,       4026,    1000,     4023,    500,      700,     300,      862,     100,      1189,    400,      1189,    400,      1189,    400,      611,     500,      0,       0,        0,       0        
//ID, Name,           Jname,           Jname,           LV,   HP,   SP,   EXP,  JEXP, Range1, ATK1, ATK2, DEF,  MDEF, STR,  AGI,  VIT,  INT,  DEX,  LUK,  Range2, Range3, Scale, Race, Element, Mode,    Speed, Adelay,  Amotion,  Dmotion, Item1, MEXP,   ExpPer,  MVP1id, MVP1per, MVP2id, MVP2per, Drop1id, Drop1per, Drop2id, Drop2%,   Drop3id, Drop3%,   Drop4id, Drop4%,   Drop5id, Drop5%,   Drop6id, Drop6%,   Drop7id, Drop7%,   Drop8id, Drop8%,   0,       0,        0,       0        
1004, RedScorpion,    RedScorpion,     RedScorpion,     90,   550,  0,    107,  16,   1,      50,   55,   4,    6,    8,    8,    10,   10,   30,   10,   1,      1,      1,     0,    20,      129,     1000,  1872,    672,      480,     0,    0,      0,       0,      0,       0,      0,       517,     2000,     509,     100,      518,     500,      1200,    10,       1199,    760,      1201,    540,      524,     25,       0,       0,        0,       0,        0,       0        
1006, GiantMaggot,    GiantMaggot,     GiantMaggot,     80,   500,  0,    91,   14,   2,      45,   75,   2,    7,    8,    6,    2,    1,    22,   1,    2,      2,      1,     0,    41,      129,     2000,  1872,    672,      480,     0,    0,      0,       0,      0,       0,      0,       1199,    900,      519,     100,      518,     750,      501,     5000,     502,     3000,     503,     11,       526,     200,      0,       0,        0,       0,        0,       0        
1028, Mouboo,         Mouboo,          Mouboo,          85,   1200, 0,    326,  16,   2,      30,   75,   65,   5,    15,   5,    15,   0,    40,   10,   2,      2,      1,     3,    20,      129,     600,   1872,    672,      480,     0,    0,      0,       0,      0,       0,      0,       660,     1000,     660,     500,      541,     750,      660,     50,       806,     500,      0,       0,        0,       0,        0,       0,        0,       0,        0,       0        
1043, Skeleton,       Skeleton,        Skeleton,        90,   6800, 0,    2102, 1467, 1,      51,   284,  12,   10,   35,   18,   3,    8,    71,   65,   1,      1,      1,     0,    29,      175,     340,   1800,    672,      950,     0,    0,      0,       0,      0,       0,      0,       775,     200,      775,     280,      776,     300,      631,     1000,     778,     250,      0,       0,        0,       0,        0,       0,        0,       0,        0,       0        
1044, LadySkeleton,   LadySkeleton,    LadySkeleton,    90,   5500, 0,    2135, 957,  2,      73,   146,  31,   8,    20,   25,   15,   8,    43,   48,   1,      1,      1,     0,    29,      175,     650,   750,     672,      700,     0,    0,      0,       0,      0,       0,      0,       775,     200,      775,     280,      776,     300,      631,     1000,     778,     250,      0,       0,        0,       0,        0,       0,        0,       0,        0,       0        
1047, Poltergeist,    Poltergeist,     Poltergeist,     90,   9000, 0,    2605, 1306, 3,      110,  150,  0,    20,   35,   0,    15,   15,   75,   50,   1,      1,      1,     0,    27,      137,     330,   740,     672,      400,     0,    0,      0,       0,      0,       0,      0,       774,     1000,     703,     150,      703,     120,      0,       0,        0,       0,        0,       0,        0,       0,        0,       0,        0,       0,        0,       0        
1059, GCMaggot,       GiantCaveMaggot, GiantCaveMaggot, 90,   2000, 0,    395,  102,  2,      60,   80,   2,    7,    10,   10,   2,    1,    22,   1,    2,      2,      1,     0,    41,      133,     1000,  1872,    672,      480,     0,    0,      0,       0,      0,       0,      0,       727,     10000,    0,       0,        0,       0,        0,       0,        0,       0,        0,       0,        0,       0,        0,       0,        0,       0,        0,       0        
1066, VampireBat,     VampireBat,      VampireBat,      80,   800,  0,    164,  9,    1,      55,   150,  10,   8,    8,    8,    1,    4,    20,   4,    6,      1,      1,     3,    24,      129,     800,   1872,    672,      480,     0,    0,      0,       0,      0,       0,      0,       501,     150,      518,     400,      533,     150,      521,     70,       522,     1,        5115,    3000,     754,     2000,     0,       0,        0,       0,        0,       0        
1069, Scythe,         Scythe,          Scythe,          80,   3000, 0,    2496, 617,  1,      200,  350,  30,   10,   100,  250,  1,    1,    150,  90,   1,      50,     1,     0,    40,      133,     220,   700,     672,      500,     0,    0,      0,       0,      0,       0,      0,       0,       0,        0,       0,        0,       0,        0,       0,        0,       0,        0,       0,        0,       0,        0,       0,        0,       0,        0,       0        
1070, BallLightning,  BallLightning,   BallLightning,   80,   300,  0,    77,   1,    1,      5,    10,   40,   65,   1,    200,  1,    1,    1,    1,    1,      50,     1,     0,    47,      133,     110,   1500,    672,      0,       0,    0,      0,       0,      0,       0,      0,       0,       0,        0,       0,        0,       0,        0,       0,        0,       0,        0,       0,        0,       0,        0,       0,        0,       0,        0,       0        
1073, TheLost,        TheLost,         TheLost,         83,   5000, 0,    8750, 2840, 5,      125,  150,  10,   70,   5,    40,   10,   70,   70,   40,   4,      9,      1,     1,    69,      141,     500,   2000,    672,      300,     0,    0,      0,       0,      0,       0,      0,       5110,    500,      5110,    500,      631,     500,      566,     500,      778,     800,      0,       0,        0,       0,        0,       0,        0,       0,        0,       0        
1074, RedBone,        RedBone,         RedBone,         90,   8000, 0,    9750, 3434, 2,      100,  330,  24,   30,   35,   25,   3,    50,   80,   75,   2,      2,      1,     1,    29,      175,     340,   1800,    672,      950,     0,    0,      0,       0,      0,       0,      0,       775,     75,       775,     115,      776,     135,      631,     4,        778,     250,      0,       0,        0,       0,        0,       0,        0,       0,        0,       0        
1077, DrunkenSkeleton, DrunkenSkeleton, DrunkenSkeleton, 90,   7200, 0,    2912, 530,  1,      55,   284,  30,   10,   35,   10,   3,    8,    71,   65,   1,      1,      1,     0,    29,      137,     350,   1800,    672,      950,     0,    0,      0,       0,      0,       0,      0,       790,     300,      789,     280,      3003,    100,      3000,    50,       3009,    250,      3006,    400,      778,     250,      0,       0,        0,       0,        0,       0        
1078, TipsySkeleton,  TipsySkeleton,   TipsySkeleton,   90,   7000, 0,    2987, 493,  1,      60,   284,  33,   10,   35,   10,   3,    8,    71,   65,   1,      1,      1,     0,    29,      137,     350,   1800,    672,      950,     0,    0,      0,       0,      0,       0,      0,       787,     300,      788,     280,      3002,    100,      3000,    50,       3007,    400,      3010,    250,      778,     250,      0,       0,        0,       0,        0,       0        
1079, DrunkenLadySkeleton, DrunkenLadySkeleton, DrunkenLadySkeleton, 90,   6000, 0,    2660, 389,  2,      75,   146,  40,   8,    20,   20,   15,   8,    51,   48,   1,      1,      1,     0,    29,      137,     660,   750,     672,      700,     0,    0,      0,       0,      0,       0,      0,       785,     300,      786,     280,      3001,    100,      3000,    50,       3010,    250,      3009,    250,      778,     250,      0,       0,        0,       0,        0,       0        
1097, SoulEater,      SoulEater,       SoulEater,       90,   6800, 0,    2232, 1746, 1,      129,  354,  12,   10,   35,   18,   3,    8,    71,   65,   1,      1,      1,     0,    29,      175,     340,   1800,    672,      950,     0,    0,      0,       0,      0,       0,      0,       778,     250,      0,       0,        0,       0,        0,       0,        0,       0,        0,       0,        0,       0,        0,       0,        0,       0,        0,       0        
1103, WitchGuard,     WitchGuard,      WitchGuard,      84,   9742, 0,    4313, 1060, 2,      200,  220,  25,   50,   90,   65,   45,   5,    120,  69,   1,      1,      1,     0,    89,      133,     290,   1200,    672,      30,      0,    0,      0,       0,      0,       0,      0,       631,     2000,     631,     500,      778,     250,      0,       0,        0,       0,        0,       0,        0,       0,        0,       0,        0,       0,        0,       0        
1104, DemonicMouboo,  DemonicMouboo,   DemonicMouboo,   85,   800,  0,    176,  32,   2,      40,   70,   35,   15,   15,   5,    15,   0,    40,   10,   2,      2,      1,     3,    20,      133,     600,   1872,    672,      480,     0,    0,      0,       0,      0,       0,      0,       660,     1000,     660,     500,      703,     750,      4004,    50,       806,     500,      0,       0,        0,       0,        0,       0,        0,       0,        0,       0        
1109, AngrySeaSlime,  AngrySeaSlime,   AngrySeaSlime,   80,   1200, 0,    268,  42,   1,      40,   70,   13,   17,   3,    30,   3,    0,    35,   35,   1,      1,      1,     0,    41,      135,     1500,  1872,    672,      480,     0,    0,      0,       0,      0,       0,      0,       535,     800,      657,     800,      518,     500,      510,     1000,     700,     100,      1199,    5000,     568,     100,      541,     50,       0,       0,        0,       0        
1115, SeaSlimeMother, SeaSlimeMother,  SeaSlimeMother,  90,   8000, 0,    1784, 900,  5,      100,  150,  10,   20,   1,    15,   10,   10,   10,   10,   1,      1,      1,     0,    44,      175,     1500,  1872,    672,      480,     0,    0,      0,       0,      0,       0,      0,       535,     800,      657,     800,      518,     500,      510,     1000,     700,     100,      1199,    5000,     568,     100,      541,     50,       0,       0,        0,       0        
1116, UndeadWitch,    UndeadWitch,     UndeadWitch,     80,   4200, 0,    1012, 722,  3,      50,   110,  8,    31,   15,   20,   10,   25,   50,   40,   1,      1,      1,     0,    29,      175,     550,   1500,    672,      700,     0,    0,      0,       0,      0,       0,      0,       631,     1000,     775,     400,      776,     300,      704,     100,      0,       0,        0,       0,        0,       0,        0,       0,        0,       0,        0,       0        
1118, GreenSlimeMother, GreenSlimeMother, GreenSlimeMother, 90,   8000, 0,    1942, 900,  5,      100,  150,  15,   20,   20,   25,   20,   30,   20,   20,   1,      1,      1,     0,    21,      175,     1400,  1872,    672,      480,     0,    0,      0,       0,      0,       0,      0,       502,     200,      4004,    20,       501,     100,      521,     250,      522,     200,      526,     500,      503,     500,      535,     750,      0,       0,        0,       0        
1124, Wight,          Wight,           Wight,           90,   8000, 0,    9000, 1900, 2,      56,   294,  32,   15,   28,   25,   15,   15,   50,   65,   3,      3,      1,     1,    29,      175,     340,   1400,    672,      950,     0,    0,      0,       0,      0,       0,      0,       775,     100,      775,     140,      776,     150,      631,     50,       631,     500,      778,     250,      0,       0,        0,       0,        0,       0,        0,       0        
1125, ManaGhost,      ManaGhost,       ManaGhost,       82,   8000, 0,    7500, 2400, 3,      150,  300,  23,   30,   35,   15,   3,    50,   50,   40,   2,      2,      1,     1,    29,      131,     340,   1800,    672,      950,     0,    0,      0,       0,      0,       0,      0,       775,     75,       775,     115,      776,     135,      631,     40,       5110,    700,      631,     800,      0,       0,        0,       0,        0,       0,        0,       0        
//ID, Name,           Jname,           Jname,           LV,   HP,   SP,   EXP,  JEXP, Range1, ATK1, ATK2, DEF,  MDEF, STR,  AGI,  VIT,  INT,  DEX,  LUK,  Range2, Range3, Scale, Race, Element, Mode,    Speed, Adelay,  Amotion,  Dmotion, Item1, MEXP,   ExpPer,  MVP1id, MVP1per, MVP2id, MVP2per, Drop1id, Drop1per, Drop2id, Drop2%,   Drop3id, Drop3%,   Drop4id, Drop4%,   Drop5id, Drop5%,   Drop6id, Drop6%,   Drop7id, Drop7%,   Drop8id, Drop8%,   0,       0,        0,       0        
1002, Maggot,         Maggot,          Maggot,          5,    50,   0,    6,    1,    1,      5,    10,   0,    5,    1,    1,    1,    0,    6,    5,    1,      1,      1,     3,    21,      129,     800,   1872,    672,      480,     0,    0,      0,       0,      0,       0,      0,       505,     800,      501,     150,      518,     400,      533,     150,      502,     70,       522,     10,       0,       0,        0,       0,        0,       0,        0,       0        
1046, TameScorpion,   TameScorpion,    TameScorpion,    5,    50,   0,    5,    2,    1,      7,    10,   0,    5,    1,    1,    1,    0,    15,   5,    1,      1,      1,     3,    20,      129,     2000,  1872,    672,      480,     0,    0,      0,       0,      0,       0,      0,       507,     700,      510,     100,      509,     50,       518,     700,      0,       0,        0,       0,        0,       0,        0,       0,        0,       0,        0,       0        
1050, HouseMaggot,    HouseMaggot,     HouseMaggot,     5,    50,   0,    6,    3,    1,      7,    7,    0,    5,    5,    5,    1,    0,    6,    5,    1,      1,      1,     3,    21,      133,     700,   1872,    672,      480,     0,    0,      0,       0,      0,       0,      0,       505,     800,      501,     150,      518,     400,      533,     150,      502,     70,       522,     10,       0,       0,        0,       0,        0,       0,        0,       0        
1003, Scorpion,       Scorpion,        Scorpion,        10,   100,  0,    12,   2,    1,      10,   15,   0,    5,    1,    1,    1,    0,    15,   5,    1,      1,      1,     3,    20,      129,     2000,  1872,    672,      480,     0,    0,      0,       0,      0,       0,      0,       507,     700,      510,     100,      509,     50,       518,     700,      0,       0,        0,       0,        0,       0,        0,       0,        0,       0,        0,       0        
1029, MauvePlant,     MauvePlant,      MauvePlant,      1,    1,    0,    1,    1,    1,      0,    0,    1,    0,    0,    0,    0,    0,    0,    0,    1,      1,      1,     3,    22,      0,       800,   800,     672,      480,     0,    0,      0,       0,      0,       0,      0,       680,     3000,     680,     3000,     680,     3000,     0,       0,        0,       0,        0,       0,        0,       0,        0,       0,        0,       0,        0,       0        
1030, CobaltPlant,    CobaltPlant,     CobaltPlant,     1,    1,    0,    1,    1,    1,      0,    0,    1,    0,    0,    0,    0,    0,    0,    0,    1,      1,      1,     3,    22,      0,       800,   800,     672,      480,     0,    0,      0,       0,      0,       0,      0,       681,     3000,     681,     3000,     681,     3000,     0,       0,        0,       0,        0,       0,        0,       0,        0,       0,        0,       0,        0,       0        
1031, GambogePlant,   GambogePlant,    GambogePlant,    1,    1,    0,    1,    1,    1,      0,    0,    1,    0,    0,    0,    0,    0,    0,    0,    1,      1,      1,     3,    22,      0,       800,   800,     672,      480,     0,    0,      0,       0,      0,       0,      0,       682,     3000,     682,     3000,     682,     3000,     0,       0,        0,       0,        0,       0,        0,       0,        0,       0,        0,       0,        0,       0        
1032, AlizarinPlant,  AlizarinPlant,   AlizarinPlant,   1,    1,    0,    1,    1,    1,      0,    0,    1,    0,    0,    0,    0,    0,    0,    0,    1,      1,      1,     3,    22,      0,       800,   800,     672,      480,     0,    0,      0,       0,      0,       0,      0,       683,     3000,     683,     3000,     683,     3000,     0,       0,        0,       0,        0,       0,        0,       0,        0,       0,        0,       0,        0,       0        
1037, CloverPatch,    CloverPatch,     CloverPatch,     1,    1,    0,    1,    1,    1,      0,    0,    0,    5,    0,    0,    0,    0,    0,    0,    1,      1,      1,     3,    22,      0,       800,   800,     672,      480,     0,    0,      0,       0,      0,       0,      0,       742,     5,        0,       0,        0,       0,        0,       0,        0,       0,        0,       0,        0,       0,        0,       0,        0,       0,        0,       0        
1038, Squirrel,       Squirrel,        Squirrel,        15,   160,  1,    27,   5,    1,      15,   25,   1,    6,    1,    3,    1,    0,    15,   40,   1,      1,      1,     3,    20,      129,     800,   800,     672,      480,     0,    0,      0,       0,      0,       0,      0,       743,     7000,     680,     1000,     681,     1000,     682,     1000,     683,     1000,     807,     800,      860,     550,      0,       0,        0,       0,        0,       0        
1056, CaveMaggot,     CaveMaggot,      CaveMaggot,      10,   100,  0,    13,   3,    1,      10,   10,   0,    5,    5,    5,    1,    0,    6,    5,    1,      1,      1,     3,    21,      133,     700,   1872,    672,      480,     0,    0,      0,       0,      0,       0,      0,       505,     800,      501,     150,      518,     400,      533,     150,      502,     70,       522,     10,       0,       0,        0,       0,        0,       0,        0,       0        
1063, Pumpkin,        Pumpkin,         Pumpkin,         1,    200,  0,    17,   1,    1,      0,    0,    0,    5,    0,    0,    0,    0,    0,    0,    1,      1,      1,     3,    22,      0,       800,   800,     672,      480,     0,    0,      0,       0,      0,       0,      0,       3000,    100,      3001,    20,       3002,    10,       3003,    15,       3011,    500,      3006,    1500,     3007,    2000,     3010,    2500,     0,       0,        0,       0        
1082, Serqet,         Serqet,          Serqet,          10,   100,  0,    12,   2,    1,      10,   15,   0,    5,    1,    1,    1,    0,    15,   5,    1,      1,      1,     3,    20,      129,     2000,  1872,    672,      480,     0,    0,      0,       0,      0,       0,      0,       0,       0,        0,       0,        0,       0,        0,       0,        0,       0,        0,       0,        0,       0,        0,       0,        0,       0,        0,       0        
1092, SlimeBlast,     SlimeBlast,      SlimeBlast,      10,   100,  0,    15,   8,    1,      10,   10,   10,   10,   10,   10,   10,   10,   10,   10,   1,      1,      1,     0,    61,      175,     250,   1872,    672,      480,     0,    0,      0,       0,      0,       0,      0,       0,       0,        0,       0,        0,       0,        0,       0,        0,       0,        0,       0,        0,       0,        0,       0,        0,       0,        0,       0        
1095, WhiteBell,      WhiteBell,       WhiteBell,       10,   100,  0,    18,   40,   2,      70,   75,   0,    5,    16,   12,   20,   20,   20,   50,   2,      2,      1,     3,    22,      128,     800,   800,     672,      480,     0,    0,      0,       0,      0,       0,      0,       535,     100,      540,     10,       1199,    100,      526,     400,      861,     5000,     0,       0,        0,       0,        0,       0,        0,       0,        0,       0        
1105, ViciousSquirrel, ViciousSquirrel, ViciousSquirrel, 15,   140,  1,    24,   7,    1,      20,   25,   1,    6,    3,    3,    1,    0,    15,   40,   1,      1,      1,     3,    20,      133,     800,   800,     672,      480,     0,    0,      0,       0,      0,       0,      0,       704,     7000,     680,     1000,     681,     1000,     682,     1000,     683,     1000,     807,     800,      4005,    50,       0,       0,        0,       0,        0,       0        
//ID, Name,           Jname,           Jname,           LV,   HP,   SP,   EXP,  JEXP, Range1, ATK1, ATK2, DEF,  MDEF, STR,  AGI,  VIT,  INT,  DEX,  LUK,  Range2, Range3, Scale, Race, Element, Mode,    Speed, Adelay,  Amotion,  Dmotion, Item1, MEXP,   ExpPer,  MVP1id, MVP1per, MVP2id, MVP2per, Drop1id, Drop1per, Drop2id, Drop2%,   Drop3id, Drop3%,   Drop4id, Drop4%,   Drop5id, Drop5%,   Drop6id, Drop6%,   Drop7id, Drop7%,   Drop8id, Drop8%,   0,       0,        0,       0        
1009, BlackScorpion,  BlackScorpion,   BlackScorpion,   100,  600,  0,    130,  37,   1,      60,   100,  4,    6,    16,   30,   10,   10,   35,   10,   1,      1,      1,     0,    20,      133,     1000,  1500,    672,      480,     0,    0,      0,       0,      0,       0,      0,       523,     150,      509,     100,      518,     800,      709,     800,      0,       0,        0,       0,        0,       0,        0,       0,        0,       0,        0,       0        
1010, Snake,          Snake,           Snake,           115,  850,  0,    184,  56,   1,      75,   90,   4,    6,    20,   11,   10,   10,   35,   10,   1,      1,      1,     0,    20,      133,     900,   1300,    672,      480,     0,    0,      0,       0,      0,       0,      0,       641,     150,      0,       0,        714,     400,      714,     400,      710,     500,      0,       0,        0,       0,        0,       0,        0,       0,        0,       0        
1012, Spider,         Spider,          Spider,          125,  800,  0,    175,  115,  1,      70,   85,   4,    6,    14,   13,   10,   10,   35,   10,   1,      1,      1,     0,    25,      175,     1000,  1500,    672,      480,     0,    0,      0,       0,      0,       0,      0,       537,     500,      535,     100,      638,     20,       526,     200,      0,       0,        0,       0,        0,       0,        0,       0,        0,       0,        0,       0        
1013, EvilMushroom,   EvilMushroom,    EvilMushroom,    110,  650,  0,    138,  35,   1,      65,   80,   4,    6,    16,   12,   10,   10,   35,   10,   1,      1,      1,     3,    22,      137,     800,   1800,    672,      480,     0,    0,      0,       0,      0,       0,      0,       535,     500,      540,     10,       534,     100,      566,     1000,     0,       0,        0,       0,        0,       0,        0,       0,        0,       0,        0,       0        
1014, PinkFlower,     PinkFlower,      PinkFlower,      115,  700,  0,    163,  40,   2,      70,   75,   0,    5,    16,   12,   20,   20,   20,   50,   2,      2,      1,     3,    22,      128,     800,   800,     672,      480,     0,    0,      0,       0,      0,       0,      0,       535,     100,      540,     10,       1199,    100,      526,     400,      565,     1000,     565,     1000,     0,       0,        0,       0,        0,       0,        0,       0        
1015, SantaSlime,     SantaSlime,      SantaSlime,      120,  750,  0,    166,  58,   1,      75,   80,   2,    7,    1,    20,   1,    0,    30,   30,   1,      1,      1,     0,    21,      161,     1500,  1872,    672,      480,     0,    0,      0,       0,      0,       0,      0,       512,     800,      513,     700,      514,     600,      519,     500,      527,     400,      538,     500,      0,       0,        0,       0,        0,       0,        0,       0        
1022, JackO,          JackO,           JackO,           250,  10000, 0,    6119, 1241, 2,      100,  500,  40,   20,   35,   40,   25,   25,   35,   50,   1,      1,      1,     0,    20,      133,     250,   1500,    672,      480,     0,    0,      0,       0,      0,       0,      0,       617,     300,      622,     400,      624,     400,      620,     400,      615,     300,      1203,    400,      1198,    10000,    616,     600,      0,       0,        0,       0        
1023, FireSkull,      FireSkull,       FireSkull,       180,  5000, 0,    2304, 721,  2,      75,   175,  35,   15,   30,   30,   20,   20,   25,   60,   1,      1,      1,     3,    23,      175,     600,   1600,    672,      480,     0,    0,      0,       0,      0,       0,      0,       631,     1000,     701,     5000,     0,       0,        0,       0,        0,       0,        0,       0,        0,       0,        0,       0,        0,       0,        0,       0        
1024, PoisonSkull,    PoisonSkull,     PoisonSkull,     180,  5000, 0,    2304, 721,  2,      75,   175,  35,   15,   30,   30,   20,   20,   25,   60,   1,      1,      1,     3,    25,      175,     600,   1600,    672,      480,     0,    0,      0,       0,      0,       0,      0,       631,     1000,     0,       0,        0,       0,        0,       0,        0,       0,        0,       0,        0,       0,        0,       0,        0,       0,        0,       0        
1026, MountainSnake,  MountainSnake,   MountainSnake,   130,  900,  0,    230,  63,   1,      80,   125,  4,    6,    20,   40,   10,   10,   35,   45,   1,      1,      1,     0,    20,      133,     1000,  1500,    672,      480,     0,    0,      0,       0,      0,       0,      0,       532,     20,       641,     350,      715,     400,      715,     400,      711,     500,      0,       0,        0,       0,        0,       0,        0,       0,        0,       0        
1034, GrassSnake,     GrassSnake,      GrassSnake,      140,  1000, 0,    265,  103,  1,      80,   120,  2,    10,   20,   40,   10,   10,   40,   50,   1,      1,      1,     0,    20,      133,     500,   1100,    672,      480,     0,    0,      0,       0,      0,       0,      0,       716,     400,      716,     400,      712,     500,      676,     500,      660,     1600,     641,     500,      0,       0,        0,       0,        0,       0,        0,       0        
1036, Zombie,         Zombie,          Zombie,          110,  12000, 0,    4192, 1393, 2,      275,  355,  20,   15,   30,   15,   30,   3,    60,   40,   1,      1,      1,     0,    29,      133,     480,   1872,    672,      900,     0,    0,      0,       0,      0,       0,      0,       631,     1000,     777,     700,      778,     500,      779,     200,      780,     150,      1198,    500,      0,       0,        0,       0,        0,       0,        0,       0        
1042, Spectre,        Spectre,         Spectre,         140,  6500, 0,    3978, 359,  3,      160,  220,  40,   0,    35,   70,   22,   15,   20,   70,   1,      1,      1,     0,    49,      137,     650,   1700,    800,      500,     0,    0,      0,       0,      0,       0,      0,       773,     1000,     703,     150,      703,     120,      0,       0,        0,       0,        0,       0,        0,       0,        0,       0,        0,       0,        0,       0        
1045, Fallen,         Fallen,          Fallen,          120,  10000, 0,    7812, 1663, 2,      180,  430,  5,    20,   40,   3,    25,   5,    80,   45,   1,      1,      1,     0,    49,      133,     300,   1200,    672,      300,     1198, 0,      0,       0,      0,       0,      0,       775,     210,      775,     210,      776,     300,      631,     1000,     636,     3,        658,     2,        532,     35,       778,     500,      0,       0,        0,       0        
1062, Terranite,      Terranite,       Terranite,       110,  6000, 0,    2484, 889,  1,      200,  300,  20,   40,   60,   40,   40,   30,   60,   40,   1,      1,      1,     0,    29,      133,     400,   872,     672,      900,     0,    0,      0,       0,      0,       0,      0,       4001,    600,      4004,    20,       4005,    20,       4007,    20,       763,     500,      640,     500,      0,       0,        0,       0,        0,       0,        0,       0        
1068, Reaper,         Reaper,          Reaper,          140,  40000, 0,    23960, 156,  7,      200,  350,  30,   80,   100,  120,  70,   120,  100,  75,   1,      50,     1,     1,    89,      165,     500,   1200,    800,      300,     0,    0,      0,       0,      0,       0,      0,       777,     1000,     775,     500,      776,     100,      1221,    10,       0,       0,        0,       0,        0,       0,        0,       0,        0,       0,        0,       0        
1071, IceElement,     IceElement,      IceElement,      100,  5000, 0,    1508, 689,  3,      60,   200,  5,    20,   15,   25,   40,   15,   45,   30,   1,      1,      1,     0,    41,      135,     330,   740,     672,      400,     0,    0,      0,       0,      0,       0,      0,       4026,    900,      537,     750,      568,     400,      543,     900,      544,     250,      0,       0,        0,       0,        0,       0,        0,       0,        0,       0        
1072, Yeti,           Yeti,            Yeti,            100,  8500, 0,    4716, 726,  2,      100,  400,  60,   15,   60,   5,    45,   15,   60,   32,   1,      1,      1,     0,    61,      135,     220,   1200,    672,      900,     0,    0,      0,       0,      0,       0,      0,       4023,    700,      4024,    300,      4025,    400,      4027,    142,      4021,    800,      4022,    700,      0,       0,        0,       0,        0,       0,        0,       0        
1075, Stalker,        Stalker,         Stalker,         120,  20000, 0,    8136, 4000, 2,      220,  500,  23,   30,   35,   15,   3,    50,   50,   50,   2,      2,      1,     1,    29,      175,     340,   1800,    672,      950,     0,    0,      0,       0,      0,       0,      0,       775,     75,       775,     115,      776,     135,      631,     40,       778,     500,      1198,    500,      0,       0,        0,       0,        0,       0,        0,       0        
1085, IceSkull,       IceSkull,        IceSkull,        180,  7000, 0,    3056, 757,  2,      75,   400,  40,   15,   30,   30,   20,   20,   25,   34,   1,      1,      1,     3,    21,      141,     600,   1600,    672,      480,     0,    0,      0,       0,      0,       0,      0,       4026,    5000,     862,     800,      0,       0,        0,       0,        0,       0,        0,       0,        0,       0,        0,       0,        0,       0,        0,       0        
1096, SoulSnake,      SoulSnake,       SoulSnake,       115,  850,  0,    184,  56,   1,      75,   90,   4,    6,    20,   11,   10,   10,   35,   10,   1,      1,      1,     0,    20,      137,     900,   1300,    672,      480,     0,    0,      0,       0,      0,       0,      0,       0,       0,        0,       0,        0,       0,        0,       0,        0,       0,        0,       0,        0,       0,        0,       0,        0,       0,        0,       0        
1102, Luvia,          Luvia,           Luvia,           127,  48044, 60,   122817, 12172, 5,      339,  364,  50,   92,   1,    29,   55,   255,  255,  255,  31,     30,     1,     0,    69,      181,     220,   1200,    672,      50,      0,    0,      0,       0,      0,       0,      0,       0,       0,        0,       0,        0,       0,        0,       0,        0,       0,        0,       0,        0,       0,        0,       0,        0,       0,        0,       0        
1106, WickedMushroom, WickedMushroom,  WickedMushroom,  110,  550,  0,    117,  30,   1,      70,   80,   4,    4,    16,   12,   10,   10,   35,   10,   1,      1,      1,     3,    22,      133,     800,   1800,    672,      480,     0,    0,      0,       0,      0,       0,      0,       613,     600,      4007,    50,       567,     100,      566,     1000,     0,       0,        0,       0,        0,       0,        0,       0,        0,       0,        0,       0        
1114, Nutcracker,     Nutcracker,      Nutcracker,      110,  6000, 0,    2235, 769,  1,      81,   281,  20,   42,   40,   20,   10,   5,    60,   40,   1,      1,      1,     0,    29,      133,     400,   872,     672,      900,     0,    0,      0,       0,      0,       0,      0,       569,     1000,     660,     750,      539,     750,      503,     250,      640,     200,      4004,    200,      4001,    600,      0,       0,        0,       0,        0,       0        
1119, Thug,           Thug,            Thug,            180,  5000, 0,    2187, 999,  1,      125,  250,  30,   6,    0,    10,   50,   0,    40,   60,   1,      10,     1,     0,    20,      175,     500,   1200,    672,      480,     0,    0,      0,       0,      0,       0,      0,       539,     1000,     657,     1000,     701,     500,      703,     250,      700,     250,      0,       0,        0,       0,        0,       0,        0,       0,        0,       0        
1120, Swashbuckler,   Swashbuckler,    Swashbuckler,    180,  5000, 0,    2310, 999,  1,      75,   250,  23,   27,   10,   20,   30,   20,   80,   60,   1,      10,     1,     0,    20,      175,     400,   800,     672,      480,     0,    0,      0,       0,      0,       0,      0,       539,     1000,     657,     1000,     701,     500,      703,     250,      700,     250,      0,       0,        0,       0,        0,       0,        0,       0,        0,       0        
1121, Grenadier,      Grenadier,       Grenadier,       180,  6000, 0,    1346, 999,  6,      100,  200,  8,    60,   2,    10,   40,   50,   80,   60,   1,      10,     1,     0,    20,      175,     500,   2000,    672,      480,     0,    0,      0,       0,      0,       0,      0,       539,     1000,     657,     1000,     701,     500,      704,     250,      700,     250,      0,       0,        0,       0,        0,       0,        0,       0,        0,       0        
1122, DreadPirateMarley, DreadPirateMarley, DreadPirateMarley, 180,  10000, 0,    7518, 20000, 4,      175,  250,  38,   32,   10,   20,   40,   20,   90,   80,   1,      30,     1,     0,    20,      175,     400,   700,     672,      480,     0,    0,      0,       0,      0,       0,      0,       0,       0,        0,       0,        0,       0,        0,       0,        0,       0,        0,       0,        0,       0,        0,       0,        0,       0,        0,       0        
1123, DreadPirateMarleyClone, DreadPirateMarleyClone, DreadPirateMarleyClone, 150,  2000, 0,    709,  0,    4,      175,  250,  18,   22,   10,   40,   30,   20,   80,   40,   1,      30,     1,     0,    20,      175,     500,   1200,    672,      480,     0,    0,      0,       0,      0,       0,      0,       0,       0,        0,       0,        0,       0,        0,       0,        0,       0,        0,       0,        0,       0,        0,       0,        0,       0,        0,       0        
1126, PsiBrain,       PsiBrain,        PsiBrain,        100,  10000, 0,    3952, 4000, 2,      220,  500,  23,   30,   35,   15,   3,    50,   50,   50,   2,      2,      1,     1,    29,      175,     340,   1800,    672,      950,     0,    0,      0,       0,      0,       0,      0,       775,     75,       775,     115,      776,     135,      631,     40,       5111,    700,      0,       0,        0,       0,        0,       0,        0,       0,        0,       0        
1127, GeneralKrukan,  GeneralKrukan,   GeneralKrukan,   140,  40000, 0,    12932, 1663, 2,      180,  430,  5,    20,   40,   3,    25,   5,    80,   45,   1,      1,      1,     0,    49,      133,     300,   1200,    672,      300,     778,  1198,   500,     0,      0,       0,      0,       775,     1000,     776,     1000,     631,     1000,     5128,    2,        636,     6,        637,     25,       638,     50,       639,     8,        0,       0,        0,       0        
1128, GeneralRazha,   GeneralRazha,    GeneralRazha,    140,  40000, 0,    12932, 1663, 2,      180,  430,  5,    20,   40,   3,    25,   5,    80,   45,   1,      1,      1,     0,    49,      133,     300,   1200,    672,      300,     1198, 0,      0,       0,      0,       0,      0,       775,     210,      775,     210,      776,     300,      631,     1000,     636,     3,        658,     2,        532,     35,       778,     500,      0,       0,        0,       0        
1129, GeneralTerogan, GeneralTerogan,  GeneralTerogan,  140,  40000, 0,    12932, 1663, 2,      180,  430,  5,    20,   40,   3,    25,   5,    80,   45,   1,      1,      1,     0,    49,      133,     300,   1200,    672,      300,     1198, 0,      0,       0,      0,       0,      0,       775,     210,      775,     210,      776,     300,      631,     1000,     636,     3,        658,     2,        532,     35,       778,     500,      0,       0,        0,       0        
1130, Moonshroom,     Moonshroom,      Moonshroom,      110,  550,  0,    120,  35,   4,      70,   80,   4,    4,    16,   12,   10,   10,   35,   10,   1,      1,      1,     3,    22,      133,     800,   1800,    672,      480,     0,    0,      0,       0,      0,       0,      0,       566,     500,      518,     500,      730,     300,      540,     100,      703,     100,      0,       0,        0,       0,        0,       0,        0,       0,        0,       0        
1132, LavaSlime,      LavaSlime,       LavaSlime,       135,  4144, 0,    6000, 1111, 2,      105,  260,  75,   80,   30,   15,   35,   10,   70,   250,  1,      1,      1,     0,    43,      135,     900,   1300,    672,      100,     0,    0,      0,       0,      0,       0,      0,       904,     10000,    703,     2500,     640,     1000,     701,     1000,     4001,    1000,     825,     500,      0,       0,        0,       0,        0,       0,        0,       0        
//ID, Name,           Jname,           Jname,           LV,   HP,   SP,   EXP,  JEXP, Range1, ATK1, ATK2, DEF,  MDEF, STR,  AGI,  VIT,  INT,  DEX,  LUK,  Range2, Range3, Scale, Race, Element, Mode,    Speed, Adelay,  Amotion,  Dmotion, Item1, MEXP,   ExpPer,  MVP1id, MVP1per, MVP2id, MVP2per, Drop1id, Drop1per, Drop2id, Drop2%,   Drop3id, Drop3%,   Drop4id, Drop4%,   Drop5id, Drop5%,   Drop6id, Drop6%,   Drop7id, Drop7%,   Drop8id, Drop8%,   0,       0,        0,       0        
1005, GreenSlime,     GreenSlime,      GreenSlime,      40,   800,  0,    185,  96,   1,      80,   120,  20,   30,   20,   30,   10,   10,   30,   30,   1,      1,      1,     0,    21,      175,     1200,  1872,    672,      480,     0,    0,      0,       0,      0,       0,      0,       502,     200,      4004,    20,       501,     100,      521,     250,      522,     200,      526,     500,      503,     500,      719,     750,      0,       0,        0,       0        
1016, RudolphSlime,   RudolphSlime,    RudolphSlime,    50,   350,  0,    67,   8,    1,      30,   35,   10,   7,    1,    20,   1,    0,    30,   30,   1,      1,      1,     0,    21,      131,     1000,  1872,    672,      480,     0,    0,      0,       0,      0,       0,      0,       504,     800,      506,     500,      508,     200,      509,     300,      510,     600,      515,     800,      516,     500,      0,       400,      0,       0,        0,       0        
1065, BanditLord,     BanditLord,      BanditLord,      40,   2000, 0,    407,  103,  5,      50,   50,   15,   15,   15,   15,   15,   15,   15,   15,   1,      1,      1,     0,    29,      135,     400,   1500,    672,      900,     0,    0,      0,       0,      0,       0,      0,       0,       0,        0,       0,        0,       0,        0,       0,        0,       0,        0,       0,        0,       0,        0,       0,        0,       0,        0,       0        
1080, BlueSpark,      BlueSpark,       BlueSpark,       40,   10000, 0,    2431, 392,  2,      40,   40,   20,   40,   30,   30,   30,   30,   30,   30,   1,      1,      1,     0,    20,      129,     190,   1500,    800,      800,     0,    0,      0,       0,      0,       0,      0,       0,       0,        0,       0,        0,       0,        0,       0,        0,       0,        0,       0,        0,       0,        0,       0,        0,       0,        0,       0        
1081, RedSpark,       RedSpark,        RedSpark,        40,   10000, 0,    2431, 392,  2,      40,   40,   20,   40,   30,   30,   30,   30,   30,   30,   1,      1,      1,     0,    20,      129,     190,   1500,    800,      800,     0,    0,      0,       0,      0,       0,      0,       0,       0,        0,       0,        0,       0,        0,       0,        0,       0,        0,       0,        0,       0,        0,       0,        0,       0,        0,       0        
1086, FeyElement,     FeyElement,      FeyElement,      50,   5000, 0,    12500, 901,  5,      50,   125,  25,   50,   20,   70,   10,   20,   80,   1,    1,      1,      1,     0,    84,      165,     330,   740,     672,      400,     0,    0,      0,       0,      0,       0,      0,       834,     5000,     680,     1000,     680,     1000,     681,     1000,     681,     1000,     682,     1000,     682,     1000,     683,     1000,     0,       0,        0,       0        
1088, Hyvern,         Hyvern,          Hyvern,          40,   2250, 0,    572,  346,  1,      50,   125,  0,    10,   10,   45,   5,    0,    35,   35,   1,      1,      1,     0,    85,      133,     250,   800,     672,      480,     0,    0,      0,       0,      0,       0,      0,       835,     2000,     518,     1000,     657,     600,      529,     3000,     0,       0,        0,       0,        0,       0,        0,       0,        0,       0,        0,       0        
1090, Wolvern,        Wolvern,         Wolvern,         40,   900,  0,    185,  86,   1,      50,   80,   5,    5,    15,   10,   5,    0,    20,   10,   1,      1,      1,     3,    20,      133,     425,   770,     500,      200,     0,    0,      0,       0,      0,       0,      0,       858,     1000,     859,     400,      4023,    200,      676,     1300,     0,       0,        0,       0,        0,       0,        0,       0,        0,       0,        0,       0        
1091, BlueSlime,      BlueSlime,       BlueSlime,       40,   2000, 0,    511,  77,   1,      100,  150,  20,   40,   40,   30,   50,   10,   50,   40,   1,      1,      1,     0,    61,      131,     1200,  1872,    672,      480,     0,    0,      0,       0,      0,       0,      0,       4026,    200,      4005,    20,       501,     500,      862,     700,      863,     100,      864,     500,      0,       0,        0,       0,        0,       0,        0,       0        
1098, CopperSlime,    CopperSlime,     CopperSlime,     40,   600,  0,    134,  18,   1,      60,   90,   20,   30,   20,   30,   10,   10,   30,   30,   1,      1,      1,     0,    21,      131,     1200,  1872,    672,      480,     0,    0,      0,       0,      0,       0,      0,       640,     1500,     537,     1000,     4001,    300,      0,       0,        0,       0,        0,       0,        0,       0,        0,       0,        0,       0,        0,       0        
1111, CandiedSlime,   CandiedSlime,    CandiedSlime,    50,   800,  0,    800,  66,   3,      50,   50,   20,   30,   20,   30,   10,   10,   30,   30,   1,      1,      1,     0,    21,      175,     1200,  1872,    672,      480,     0,    0,      0,       0,      0,       0,      0,       510,     1000,     509,     1000,     515,     200,      516,     200,      538,     200,      512,     200,      508,     500,      514,     750,      0,       0,        0,       0        
1112, Santaboo,       Santaboo,        Santaboo,        50,   2200, 0,    734,  59,   2,      80,   125,  50,   10,   25,   10,   25,   0,    60,   30,   2,      2,      1,     3,    20,      129,     600,   1872,    672,      480,     0,    0,      0,       0,      0,       0,      0,       512,     1000,     736,     1200,     737,     1200,     738,     1200,     739,     1200,     511,     50,       4042,    10,       0,       0,        0,       0,        0,       0        
