30
34
38
42
46
51
56
61
66
72
78
84
90
97
104
111
118
126
134
142
150
159
168
177
186
196
206
216
226
237
248
259
270
282
294
306
318
331
344
357
370
384
398
412
426
441
456
471
486
502
518
534
550
567
584
601
618
636
654
672
690
709
728
747
766
786
806
826
846
867
888
909
930
952
974
996
1018
1041
1064
1087
1110
1134
1158
1182
1206
1231
1256
1281
1306
1332
1358
1384
1410
1437
1464
1491
1518
1546
1574
1602
1630
1659
1688
1717
1746
1776
1806
1836
1866
1897
1928
1959
1990
2022
2054
2086
2118
2151
2184
2217
2250
2284
2318
2352
2386
2421
2456
2491
2526
2562
2598
2634
2670
2707
2744
2781
2818
2856
2894
2932
2970
3009
3048
3087
3126
3166
3206
3246
3286
3327
3368
3409
3450
3492
3534
3576
3618
3661
3704
3747
3790
3834
3878
3922
3966
4011
4056
4101
4146
4192
4238
4284
4330
4377
4424
4471
4518
4566
4614
4662
4710
4759
4808
4857
4906
4956
5006
5056
5106
5157
5208
5259
5310
5362
5414
5466
5518
5571
5624
5677
5730
5784
5838
5892
5946
6001
6056
6111
6166
6222
6278
6334
6390
6447
6504
6561
6618
6676
6734
6792
6850
6909
6968
7027
7086
7146
7206
7266
7326
7387
7448
7509
7570
7632
7694
7756
7818
7881
7944
8007
8070
8134
8198
8262
8326
8391
8456
8521
8586
8652
8718
8784
8850
8917
8984
